Before: 6192 4991 2844 3854 [...]
68 
145 
294 
368 
371 
678 
729 
786 
821 
841 
972 
1046 
1072 
1122 
1289 
1340 
1484 
1551 
1578 
1791 
1823 
2006 
2077 
2209 
2261 
2332 
2357 
2359 
2443 
2536 
2725 
2825 
2830 
2844 
2851 
2878 
2968 
3018 
3081 
3175 
3357 
3456 
3480 
3498 
4020 
4027 
4973 
4192 
4289 
3849 
3854 
3866 
3934 
4051 
4151 
4330 
4991 
4904 
5869 
4206 
4335 
4376 
4633 
6100 
4743 
4825 
5408 
5428 
5592 
5633 
5671 
5935 
5972 
6628 
7022 
6038 
6167 
6192 
6275 
6303 
6324 
6341 
6696 
6437 
6651 
6682 
7018 
7575 
6754 
6893 
7242 
7352 
7452 
7603 
7823 
8050 
8442 
8534 
8593 
8762 
68 
145 
294 
368 
371 
678 
729 
786 
821 
841 
972 
1046 
1072 
1122 
1289 
1340 
1484 
1551 
1578 
1791 
1823 
2006 
2077 
2209 
2261 
2332 
2357 
2359 
2443 
2536 
2725 
2825 
2830 
2844 
2851 
2878 
2968 
3018 
3081 
3175 
3357 
3456 
3480 
3498 
4020 
4027 
4973 
4192 
4289 
3849 
3854 
3866 
3934 
4051 
4151 
4330 
4991 
4904 
5869 
4206 
4335 
4376 
4633 
6100 
4743 
4825 
5408 
5428 
5592 
5633 
5671 
5935 
5972 
6628 
7022 
6038 
6167 
6192 
6275 
6303 
6324 
6341 
6696 
6437 
6651 
6682 
7018 
7575 
6754 
6893 
7242 
7352 
7452 
7603 
7823 
8050 
8442 
8534 
8593 
8762 
After: 68 145 294 368 [...]
Time to process a range of 100 elements with a deque: 0.001683us
Time to process a range of 100 elements with a vector: 0.001196us
